2.375 0.25
2.36746 0.292753
2.34576 0.330348
2.3125 0.358253
2.27171 0.373101
2.22829 0.373101
2.1875 0.358253
2.15424 0.330348
2.13254 0.292753
2.125 0.25
2.13254 0.207247
2.15424 0.169652
2.1875 0.141747
2.22829 0.126899
2.27171 0.126899
2.3125 0.141747
2.34576 0.169652
2.36746 0.207247
0.925 1.5
0.924981 1.50218
0.924924 1.50436
0.924829 1.50654
0.924696 1.50872
0.924524 1.51089
0.924315 1.51307
0.924068 1.51523
0.923784 1.5174
0.923461 1.51955
0.923101 1.52171
0.922703 1.52385
0.922268 1.52599
0.921796 1.52812
0.921287 1.53024
0.920741 1.53235
0.920158 1.53445
0.919538 1.53655
0.918882 1.53863
0.91819 1.5407
0.917462 1.54275
0.916698 1.5448
0.915898 1.54683
0.915063 1.54884
0.914193 1.55084
0.913288 1.55283
0.912349 1.5548
0.911376 1.55675
0.910368 1.55868
0.909327 1.5606
0.908253 1.5625
0.907146 1.56438
0.906006 1.56624
0.904834 1.56808
0.90363 1.5699
0.902394 1.5717
0.901127 1.57347
0.899829 1.57523
0.898501 1.57696
0.897143 1.57867
0.895756 1.58035
0.894339 1.58201
0.892893 1.58364
0.891419 1.58525
0.889917 1.58683
0.888388 1.58839
0.886832 1.58992
0.88525 1.59142
0.883641 1.59289
0.882007 1.59434
0.880348 1.59576
0.878665 1.59714
0.876958 1.5985
0.875227 1.59983
0.873473 1.60113
0.871697 1.60239
0.869899 1.60363
0.86808 1.60483
0.86624 1.60601
0.86438 1.60715
0.8625 1.60825
0.860601 1.60933
0.858684 1.61037
0.856749 1.61138
0.854796 1.61235
0.852827 1.61329
0.850842 1.61419
0.848841 1.61506
0.846826 1.6159
0.844796 1.6167
0.842753 1.61746
0.840696 1.61819
0.838627 1.61888
0.836546 1.61954
0.834455 1.62016
0.832352 1.62074
0.83024 1.62129
0.828119 1.6218
0.825989 1.62227
0.823851 1.6227
0.821706 1.6231
0.819554 1.62346
0.817397 1.62378
0.815234 1.62407
0.813066 1.62432
0.810894 1.62452
0.80872 1.6247
0.806542 1.62483
0.804362 1.62492
0.802182 1.62498
0.8 1.625
0.797818 1.62498
0.795638 1.62492
0.793458 1.62483
0.79128 1.6247
0.789106 1.62452
0.786934 1.62432
0.784766 1.62407
0.782603 1.62378
0.780446 1.62346
0.778294 1.6231
0.776149 1.6227
0.774011 1.62227
0.771881 1.6218
0.76976 1.62129
0.767648 1.62074
0.765545 1.62016
0.763454 1.61954
0.761373 1.61888
0.759304 1.61819
0.757247 1.61746
0.755204 1.6167
0.753174 1.6159
0.751159 1.61506
0.749158 1.61419
0.747173 1.61329
0.745204 1.61235
0.743251 1.61138
0.741316 1.61037
0.739399 1.60933
0.7375 1.60825
0.73562 1.60715
0.73376 1.60601
0.73192 1.60483
0.730101 1.60363
0.728303 1.60239
0.726527 1.60113
0.724773 1.59983
0.723042 1.5985
0.721335 1.59714
0.719652 1.59576
0.717993 1.59434
0.716359 1.59289
0.71475 1.59142
0.713168 1.58992
0.711612 1.58839
0.710083 1.58683
0.708581 1.58525
0.707107 1.58364
0.705661 1.58201
0.704244 1.58035
0.702857 1.57867
0.701499 1.57696
0.700171 1.57523
0.698873 1.57347
0.697606 1.5717
0.69637 1.5699
0.695166 1.56808
0.693994 1.56624
0.692854 1.56438
0.691747 1.5625
0.690673 1.5606
0.689632 1.55868
0.688624 1.55675
0.687651 1.5548
0.686712 1.55283
0.685807 1.55084
0.684937 1.54884
0.684102 1.54683
0.683302 1.5448
0.682538 1.54275
0.68181 1.5407
0.681118 1.53863
0.680462 1.53655
0.679842 1.53445
0.679259 1.53235
0.678713 1.53024
0.678204 1.52812
0.677732 1.52599
0.677297 1.52385
0.676899 1.52171
0.676539 1.51955
0.676216 1.5174
0.675932 1.51523
0.675685 1.51307
0.675476 1.51089
0.675304 1.50872
0.675171 1.50654
0.675076 1.50436
0.675019 1.50218
0.675 1.5
0.675019 1.49782
0.675076 1.49564
0.675171 1.49346
0.675304 1.49128
0.675476 1.48911
0.675685 1.48693
0.675932 1.48477
0.676216 1.4826
0.676539 1.48045
0.676899 1.47829
0.677297 1.47615
0.677732 1.47401
0.678204 1.47188
0.678713 1.46976
0.679259 1.46765
0.679842 1.46555
0.680462 1.46345
0.681118 1.46137
0.68181 1.4593
0.682538 1.45725
0.683302 1.4552
0.684102 1.45317
0.684937 1.45116
0.685807 1.44916
0.686712 1.44717
0.687651 1.4452
0.688624 1.44325
0.689632 1.44132
0.690673 1.4394
0.691747 1.4375
0.692854 1.43562
0.693994 1.43376
0.695166 1.43192
0.69637 1.4301
0.697606 1.4283
0.698873 1.42653
0.700171 1.42477
0.701499 1.42304
0.702857 1.42133
0.704244 1.41965
0.705661 1.41799
0.707107 1.41636
0.708581 1.41475
0.710083 1.41317
0.711612 1.41161
0.713168 1.41008
0.71475 1.40858
0.716359 1.40711
0.717993 1.40566
0.719652 1.40424
0.721335 1.40286
0.723042 1.4015
0.724773 1.40017
0.726527 1.39887
0.728303 1.39761
0.730101 1.39637
0.73192 1.39517
0.73376 1.39399
0.73562 1.39285
0.7375 1.39175
0.739399 1.39067
0.741316 1.38963
0.743251 1.38862
0.745204 1.38765
0.747173 1.38671
0.749158 1.38581
0.751159 1.38494
0.753174 1.3841
0.755204 1.3833
0.757247 1.38254
0.759304 1.38181
0.761373 1.38112
0.763454 1.38046
0.765545 1.37984
0.767648 1.37926
0.76976 1.37871
0.771881 1.3782
0.774011 1.37773
0.776149 1.3773
0.778294 1.3769
0.780446 1.37654
0.782603 1.37622
0.784766 1.37593
0.786934 1.37568
0.789106 1.37548
0.79128 1.3753
0.793458 1.37517
0.795638 1.37508
0.797818 1.37502
0.8 1.375
0.802182 1.37502
0.804362 1.37508
0.806542 1.37517
0.80872 1.3753
0.810894 1.37548
0.813066 1.37568
0.815234 1.37593
0.817397 1.37622
0.819554 1.37654
0.821706 1.3769
0.823851 1.3773
0.825989 1.37773
0.828119 1.3782
0.83024 1.37871
0.832352 1.37926
0.834455 1.37984
0.836546 1.38046
0.838627 1.38112
0.840696 1.38181
0.842753 1.38254
0.844796 1.3833
0.846826 1.3841
0.848841 1.38494
0.850842 1.38581
0.852827 1.38671
0.854796 1.38765
0.856749 1.38862
0.858684 1.38963
0.860601 1.39067
0.8625 1.39175
0.86438 1.39285
0.86624 1.39399
0.86808 1.39517
0.869899 1.39637
0.871697 1.39761
0.873473 1.39887
0.875227 1.40017
0.876958 1.4015
0.878665 1.40286
0.880348 1.40424
0.882007 1.40566
0.883641 1.40711
0.88525 1.40858
0.886832 1.41008
0.888388 1.41161
0.889917 1.41317
0.891419 1.41475
0.892893 1.41636
0.894339 1.41799
0.895756 1.41965
0.897143 1.42133
0.898501 1.42304
0.899829 1.42477
0.901127 1.42653
0.902394 1.4283
0.90363 1.4301
0.904834 1.43192
0.906006 1.43376
0.907146 1.43562
0.908253 1.4375
0.909327 1.4394
0.910368 1.44132
0.911376 1.44325
0.912349 1.4452
0.913288 1.44717
0.914193 1.44916
0.915063 1.45116
0.915898 1.45317
0.916698 1.4552
0.917462 1.45725
0.91819 1.4593
0.918882 1.46137
0.919538 1.46345
0.920158 1.46555
0.920741 1.46765
0.921287 1.46976
0.921796 1.47188
0.922268 1.47401
0.922703 1.47615
0.923101 1.47829
0.923461 1.48045
0.923784 1.4826
0.924068 1.48477
0.924315 1.48693
0.924524 1.48911
0.924696 1.49128
0.924829 1.49346
0.924924 1.49564
0.924981 1.49782
0.925 2.25
0.924981 2.25218
0.924924 2.25436
0.924829 2.25654
0.924696 2.25872
0.924524 2.26089
0.924315 2.26307
0.924068 2.26523
0.923784 2.2674
0.923461 2.26955
0.923101 2.27171
0.922703 2.27385
0.922268 2.27599
0.921796 2.27812
0.921287 2.28024
0.920741 2.28235
0.920158 2.28445
0.919538 2.28655
0.918882 2.28863
0.91819 2.2907
0.917462 2.29275
0.916698 2.2948
0.915898 2.29683
0.915063 2.29884
0.914193 2.30084
0.913288 2.30283
0.912349 2.3048
0.911376 2.30675
0.910368 2.30868
0.909327 2.3106
0.908253 2.3125
0.907146 2.31438
0.906006 2.31624
0.904834 2.31808
0.90363 2.3199
0.902394 2.3217
0.901127 2.32347
0.899829 2.32523
0.898501 2.32696
0.897143 2.32867
0.895756 2.33035
0.894339 2.33201
0.892893 2.33364
0.891419 2.33525
0.889917 2.33683
0.888388 2.33839
0.886832 2.33992
0.88525 2.34142
0.883641 2.34289
0.882007 2.34434
0.880348 2.34576
0.878665 2.34714
0.876958 2.3485
0.875227 2.34983
0.873473 2.35113
0.871697 2.35239
0.869899 2.35363
0.86808 2.35483
0.86624 2.35601
0.86438 2.35715
0.8625 2.35825
0.860601 2.35933
0.858684 2.36037
0.856749 2.36138
0.854796 2.36235
0.852827 2.36329
0.850842 2.36419
0.848841 2.36506
0.846826 2.3659
0.844796 2.3667
0.842753 2.36746
0.840696 2.36819
0.838627 2.36888
0.836546 2.36954
0.834455 2.37016
0.832352 2.37074
0.83024 2.37129
0.828119 2.3718
0.825989 2.37227
0.823851 2.3727
0.821706 2.3731
0.819554 2.37346
0.817397 2.37378
0.815234 2.37407
0.813066 2.37432
0.810894 2.37452
0.80872 2.3747
0.806542 2.37483
0.804362 2.37492
0.802182 2.37498
0.8 2.375
0.797818 2.37498
0.795638 2.37492
0.793458 2.37483
0.79128 2.3747
0.789106 2.37452
0.786934 2.37432
0.784766 2.37407
0.782603 2.37378
0.780446 2.37346
0.778294 2.3731
0.776149 2.3727
0.774011 2.37227
0.771881 2.3718
0.76976 2.37129
0.767648 2.37074
0.765545 2.37016
0.763454 2.36954
0.761373 2.36888
0.759304 2.36819
0.757247 2.36746
0.755204 2.3667
0.753174 2.3659
0.751159 2.36506
0.749158 2.36419
0.747173 2.36329
0.745204 2.36235
0.743251 2.36138
0.741316 2.36037
0.739399 2.35933
0.7375 2.35825
0.73562 2.35715
0.73376 2.35601
0.73192 2.35483
0.730101 2.35363
0.728303 2.35239
0.726527 2.35113
0.724773 2.34983
0.723042 2.3485
0.721335 2.34714
0.719652 2.34576
0.717993 2.34434
0.716359 2.34289
0.71475 2.34142
0.713168 2.33992
0.711612 2.33839
0.710083 2.33683
0.708581 2.33525
0.707107 2.33364
0.705661 2.33201
0.704244 2.33035
0.702857 2.32867
0.701499 2.32696
0.700171 2.32523
0.698873 2.32347
0.697606 2.3217
0.69637 2.3199
0.695166 2.31808
0.693994 2.31624
0.692854 2.31438
0.691747 2.3125
0.690673 2.3106
0.689632 2.30868
0.688624 2.30675
0.687651 2.3048
0.686712 2.30283
0.685807 2.30084
0.684937 2.29884
0.684102 2.29683
0.683302 2.2948
0.682538 2.29275
0.68181 2.2907
0.681118 2.28863
0.680462 2.28655
0.679842 2.28445
0.679259 2.28235
0.678713 2.28024
0.678204 2.27812
0.677732 2.27599
0.677297 2.27385
0.676899 2.27171
0.676539 2.26955
0.676216 2.2674
0.675932 2.26523
0.675685 2.26307
0.675476 2.26089
0.675304 2.25872
0.675171 2.25654
0.675076 2.25436
0.675019 2.25218
0.675 2.25
0.675019 2.24782
0.675076 2.24564
0.675171 2.24346
0.675304 2.24128
0.675476 2.23911
0.675685 2.23693
0.675932 2.23477
0.676216 2.2326
0.676539 2.23045
0.676899 2.22829
0.677297 2.22615
0.677732 2.22401
0.678204 2.22188
0.678713 2.21976
0.679259 2.21765
0.679842 2.21555
0.680462 2.21345
0.681118 2.21137
0.68181 2.2093
0.682538 2.20725
0.683302 2.2052
0.684102 2.20317
0.684937 2.20116
0.685807 2.19916
0.686712 2.19717
0.687651 2.1952
0.688624 2.19325
0.689632 2.19132
0.690673 2.1894
0.691747 2.1875
0.692854 2.18562
0.693994 2.18376
0.695166 2.18192
0.69637 2.1801
0.697606 2.1783
0.698873 2.17653
0.700171 2.17477
0.701499 2.17304
0.702857 2.17133
0.704244 2.16965
0.705661 2.16799
0.707107 2.16636
0.708581 2.16475
0.710083 2.16317
0.711612 2.16161
0.713168 2.16008
0.71475 2.15858
0.716359 2.15711
0.717993 2.15566
0.719652 2.15424
0.721335 2.15286
0.723042 2.1515
0.724773 2.15017
0.726527 2.14887
0.728303 2.14761
0.730101 2.14637
0.73192 2.14517
0.73376 2.14399
0.73562 2.14285
0.7375 2.14175
0.739399 2.14067
0.741316 2.13963
0.743251 2.13862
0.745204 2.13765
0.747173 2.13671
0.749158 2.13581
0.751159 2.13494
0.753174 2.1341
0.755204 2.1333
0.757247 2.13254
0.759304 2.13181
0.761373 2.13112
0.763454 2.13046
0.765545 2.12984
0.767648 2.12926
0.76976 2.12871
0.771881 2.1282
0.774011 2.12773
0.776149 2.1273
0.778294 2.1269
0.780446 2.12654
0.782603 2.12622
0.784766 2.12593
0.786934 2.12568
0.789106 2.12548
0.79128 2.1253
0.793458 2.12517
0.795638 2.12508
0.797818 2.12502
0.8 2.125
0.802182 2.12502
0.804362 2.12508
0.806542 2.12517
0.80872 2.1253
0.810894 2.12548
0.813066 2.12568
0.815234 2.12593
0.817397 2.12622
0.819554 2.12654
0.821706 2.1269
0.823851 2.1273
0.825989 2.12773
0.828119 2.1282
0.83024 2.12871
0.832352 2.12926
0.834455 2.12984
0.836546 2.13046
0.838627 2.13112
0.840696 2.13181
0.842753 2.13254
0.844796 2.1333
0.846826 2.1341
0.848841 2.13494
0.850842 2.13581
0.852827 2.13671
0.854796 2.13765
0.856749 2.13862
0.858684 2.13963
0.860601 2.14067
0.8625 2.14175
0.86438 2.14285
0.86624 2.14399
0.86808 2.14517
0.869899 2.14637
0.871697 2.14761
0.873473 2.14887
0.875227 2.15017
0.876958 2.1515
0.878665 2.15286
0.880348 2.15424
0.882007 2.15566
0.883641 2.15711
0.88525 2.15858
0.886832 2.16008
0.888388 2.16161
0.889917 2.16317
0.891419 2.16475
0.892893 2.16636
0.894339 2.16799
0.895756 2.16965
0.897143 2.17133
0.898501 2.17304
0.899829 2.17477
0.901127 2.17653
0.902394 2.1783
0.90363 2.1801
0.904834 2.18192
0.906006 2.18376
0.907146 2.18562
0.908253 2.1875
0.909327 2.1894
0.910368 2.19132
0.911376 2.19325
0.912349 2.1952
0.913288 2.19717
0.914193 2.19916
0.915063 2.20116
0.915898 2.20317
0.916698 2.2052
0.917462 2.20725
0.91819 2.2093
0.918882 2.21137
0.919538 2.21345
0.920158 2.21555
0.920741 2.21765
0.921287 2.21976
0.921796 2.22188
0.922268 2.22401
0.922703 2.22615
0.923101 2.22829
0.923461 2.23045
0.923784 2.2326
0.924068 2.23477
0.924315 2.23693
0.924524 2.23911
0.924696 2.24128
0.924829 2.24346
0.924924 2.24564
0.924981 2.24782
1.825 1
1.82498 1.00218
1.82492 1.00436
1.82483 1.00654
1.8247 1.00872
1.82452 1.01089
1.82432 1.01307
1.82407 1.01523
1.82378 1.0174
1.82346 1.01955
1.8231 1.02171
1.8227 1.02385
1.82227 1.02599
1.8218 1.02812
1.82129 1.03024
1.82074 1.03235
1.82016 1.03445
1.81954 1.03655
1.81888 1.03863
1.81819 1.0407
1.81746 1.04275
1.8167 1.0448
1.8159 1.04683
1.81506 1.04884
1.81419 1.05084
1.81329 1.05283
1.81235 1.0548
1.81138 1.05675
1.81037 1.05868
1.80933 1.0606
1.80825 1.0625
1.80715 1.06438
1.80601 1.06624
1.80483 1.06808
1.80363 1.0699
1.80239 1.0717
1.80113 1.07347
1.79983 1.07523
1.7985 1.07696
1.79714 1.07867
1.79576 1.08035
1.79434 1.08201
1.79289 1.08364
1.79142 1.08525
1.78992 1.08683
1.78839 1.08839
1.78683 1.08992
1.78525 1.09142
1.78364 1.09289
1.78201 1.09434
1.78035 1.09576
1.77867 1.09714
1.77696 1.0985
1.77523 1.09983
1.77347 1.10113
1.7717 1.10239
1.7699 1.10363
1.76808 1.10483
1.76624 1.10601
1.76438 1.10715
1.7625 1.10825
1.7606 1.10933
1.75868 1.11037
1.75675 1.11138
1.7548 1.11235
1.75283 1.11329
1.75084 1.11419
1.74884 1.11506
1.74683 1.1159
1.7448 1.1167
1.74275 1.11746
1.7407 1.11819
1.73863 1.11888
1.73655 1.11954
1.73445 1.12016
1.73235 1.12074
1.73024 1.12129
1.72812 1.1218
1.72599 1.12227
1.72385 1.1227
1.72171 1.1231
1.71955 1.12346
1.7174 1.12378
1.71523 1.12407
1.71307 1.12432
1.71089 1.12452
1.70872 1.1247
1.70654 1.12483
1.70436 1.12492
1.70218 1.12498
1.7 1.125
1.69782 1.12498
1.69564 1.12492
1.69346 1.12483
1.69128 1.1247
1.68911 1.12452
1.68693 1.12432
1.68477 1.12407
1.6826 1.12378
1.68045 1.12346
1.67829 1.1231
1.67615 1.1227
1.67401 1.12227
1.67188 1.1218
1.66976 1.12129
1.66765 1.12074
1.66555 1.12016
1.66345 1.11954
1.66137 1.11888
1.6593 1.11819
1.65725 1.11746
1.6552 1.1167
1.65317 1.1159
1.65116 1.11506
1.64916 1.11419
1.64717 1.11329
1.6452 1.11235
1.64325 1.11138
1.64132 1.11037
1.6394 1.10933
1.6375 1.10825
1.63562 1.10715
1.63376 1.10601
1.63192 1.10483
1.6301 1.10363
1.6283 1.10239
1.62653 1.10113
1.62477 1.09983
1.62304 1.0985
1.62133 1.09714
1.61965 1.09576
1.61799 1.09434
1.61636 1.09289
1.61475 1.09142
1.61317 1.08992
1.61161 1.08839
1.61008 1.08683
1.60858 1.08525
1.60711 1.08364
1.60566 1.08201
1.60424 1.08035
1.60286 1.07867
1.6015 1.07696
1.60017 1.07523
1.59887 1.07347
1.59761 1.0717
1.59637 1.0699
1.59517 1.06808
1.59399 1.06624
1.59285 1.06438
1.59175 1.0625
1.59067 1.0606
1.58963 1.05868
1.58862 1.05675
1.58765 1.0548
1.58671 1.05283
1.58581 1.05084
1.58494 1.04884
1.5841 1.04683
1.5833 1.0448
1.58254 1.04275
1.58181 1.0407
1.58112 1.03863
1.58046 1.03655
1.57984 1.03445
1.57926 1.03235
1.57871 1.03024
1.5782 1.02812
1.57773 1.02599
1.5773 1.02385
1.5769 1.02171
1.57654 1.01955
1.57622 1.0174
1.57593 1.01523
1.57568 1.01307
1.57548 1.01089
1.5753 1.00872
1.57517 1.00654
1.57508 1.00436
1.57502 1.00218
1.575 1
1.57502 0.997818
1.57508 0.995638
1.57517 0.993458
1.5753 0.99128
1.57548 0.989106
1.57568 0.986934
1.57593 0.984766
1.57622 0.982603
1.57654 0.980446
1.5769 0.978294
1.5773 0.976149
1.57773 0.974011
1.5782 0.971881
1.57871 0.96976
1.57926 0.967648
1.57984 0.965545
1.58046 0.963454
1.58112 0.961373
1.58181 0.959304
1.58254 0.957247
1.5833 0.955204
1.5841 0.953174
1.58494 0.951159
1.58581 0.949158
1.58671 0.947173
1.58765 0.945204
1.58862 0.943251
1.58963 0.941316
1.59067 0.939399
1.59175 0.9375
1.59285 0.93562
1.59399 0.93376
1.59517 0.93192
1.59637 0.930101
1.59761 0.928303
1.59887 0.926527
1.60017 0.924773
1.6015 0.923042
1.60286 0.921335
1.60424 0.919652
1.60566 0.917993
1.60711 0.916359
1.60858 0.91475
1.61008 0.913168
1.61161 0.911612
1.61317 0.910083
1.61475 0.908581
1.61636 0.907107
1.61799 0.905661
1.61965 0.904244
1.62133 0.902857
1.62304 0.901499
1.62477 0.900171
1.62653 0.898873
1.6283 0.897606
1.6301 0.89637
1.63192 0.895166
1.63376 0.893994
1.63562 0.892854
1.6375 0.891747
1.6394 0.890673
1.64132 0.889632
1.64325 0.888624
1.6452 0.887651
1.64717 0.886712
1.64916 0.885807
1.65116 0.884937
1.65317 0.884102
1.6552 0.883302
1.65725 0.882538
1.6593 0.88181
1.66137 0.881118
1.66345 0.880462
1.66555 0.879842
1.66765 0.879259
1.66976 0.878713
1.67188 0.878204
1.67401 0.877732
1.67615 0.877297
1.67829 0.876899
1.68045 0.876539
1.6826 0.876216
1.68477 0.875932
1.68693 0.875685
1.68911 0.875476
1.69128 0.875304
1.69346 0.875171
1.69564 0.875076
1.69782 0.875019
1.7 0.875
1.70218 0.875019
1.70436 0.875076
1.70654 0.875171
1.70872 0.875304
1.71089 0.875476
1.71307 0.875685
1.71523 0.875932
1.7174 0.876216
1.71955 0.876539
1.72171 0.876899
1.72385 0.877297
1.72599 0.877732
1.72812 0.878204
1.73024 0.878713
1.73235 0.879259
1.73445 0.879842
1.73655 0.880462
1.73863 0.881118
1.7407 0.88181
1.74275 0.882538
1.7448 0.883302
1.74683 0.884102
1.74884 0.884937
1.75084 0.885807
1.75283 0.886712
1.7548 0.887651
1.75675 0.888624
1.75868 0.889632
1.7606 0.890673
1.7625 0.891747
1.76438 0.892854
1.76624 0.893994
1.76808 0.895166
1.7699 0.89637
1.7717 0.897606
1.77347 0.898873
1.77523 0.900171
1.77696 0.901499
1.77867 0.902857
1.78035 0.904244
1.78201 0.905661
1.78364 0.907107
1.78525 0.908581
1.78683 0.910083
1.78839 0.911612
1.78992 0.913168
1.79142 0.91475
1.79289 0.916359
1.79434 0.917993
1.79576 0.919652
1.79714 0.921335
1.7985 0.923042
1.79983 0.924773
1.80113 0.926527
1.80239 0.928303
1.80363 0.930101
1.80483 0.93192
1.80601 0.93376
1.80715 0.93562
1.80825 0.9375
1.80933 0.939399
1.81037 0.941316
1.81138 0.943251
1.81235 0.945204
1.81329 0.947173
1.81419 0.949158
1.81506 0.951159
1.8159 0.953174
1.8167 0.955204
1.81746 0.957247
1.81819 0.959304
1.81888 0.961373
1.81954 0.963454
1.82016 0.965545
1.82074 0.967648
1.82129 0.96976
1.8218 0.971881
1.82227 0.974011
1.8227 0.976149
1.8231 0.978294
1.82346 0.980446
1.82378 0.982603
1.82407 0.984766
1.82432 0.986934
1.82452 0.989106
1.8247 0.99128
1.82483 0.993458
1.82492 0.995638
1.82498 0.997818
2.325 1.3
2.32498 1.30218
2.32492 1.30436
2.32483 1.30654
2.3247 1.30872
2.32452 1.31089
2.32432 1.31307
2.32407 1.31523
2.32378 1.3174
2.32346 1.31955
2.3231 1.32171
2.3227 1.32385
2.32227 1.32599
2.3218 1.32812
2.32129 1.33024
2.32074 1.33235
2.32016 1.33445
2.31954 1.33655
2.31888 1.33863
2.31819 1.3407
2.31746 1.34275
2.3167 1.3448
2.3159 1.34683
2.31506 1.34884
2.31419 1.35084
2.31329 1.35283
2.31235 1.3548
2.31138 1.35675
2.31037 1.35868
2.30933 1.3606
2.30825 1.3625
2.30715 1.36438
2.30601 1.36624
2.30483 1.36808
2.30363 1.3699
2.30239 1.3717
2.30113 1.37347
2.29983 1.37523
2.2985 1.37696
2.29714 1.37867
2.29576 1.38035
2.29434 1.38201
2.29289 1.38364
2.29142 1.38525
2.28992 1.38683
2.28839 1.38839
2.28683 1.38992
2.28525 1.39142
2.28364 1.39289
2.28201 1.39434
2.28035 1.39576
2.27867 1.39714
2.27696 1.3985
2.27523 1.39983
2.27347 1.40113
2.2717 1.40239
2.2699 1.40363
2.26808 1.40483
2.26624 1.40601
2.26438 1.40715
2.2625 1.40825
2.2606 1.40933
2.25868 1.41037
2.25675 1.41138
2.2548 1.41235
2.25283 1.41329
2.25084 1.41419
2.24884 1.41506
2.24683 1.4159
2.2448 1.4167
2.24275 1.41746
2.2407 1.41819
2.23863 1.41888
2.23655 1.41954
2.23445 1.42016
2.23235 1.42074
2.23024 1.42129
2.22812 1.4218
2.22599 1.42227
2.22385 1.4227
2.22171 1.4231
2.21955 1.42346
2.2174 1.42378
2.21523 1.42407
2.21307 1.42432
2.21089 1.42452
2.20872 1.4247
2.20654 1.42483
2.20436 1.42492
2.20218 1.42498
2.2 1.425
2.19782 1.42498
2.19564 1.42492
2.19346 1.42483
2.19128 1.4247
2.18911 1.42452
2.18693 1.42432
2.18477 1.42407
2.1826 1.42378
2.18045 1.42346
2.17829 1.4231
2.17615 1.4227
2.17401 1.42227
2.17188 1.4218
2.16976 1.42129
2.16765 1.42074
2.16555 1.42016
2.16345 1.41954
2.16137 1.41888
2.1593 1.41819
2.15725 1.41746
2.1552 1.4167
2.15317 1.4159
2.15116 1.41506
2.14916 1.41419
2.14717 1.41329
2.1452 1.41235
2.14325 1.41138
2.14132 1.41037
2.1394 1.40933
2.1375 1.40825
2.13562 1.40715
2.13376 1.40601
2.13192 1.40483
2.1301 1.40363
2.1283 1.40239
2.12653 1.40113
2.12477 1.39983
2.12304 1.3985
2.12133 1.39714
2.11965 1.39576
2.11799 1.39434
2.11636 1.39289
2.11475 1.39142
2.11317 1.38992
2.11161 1.38839
2.11008 1.38683
2.10858 1.38525
2.10711 1.38364
2.10566 1.38201
2.10424 1.38035
2.10286 1.37867
2.1015 1.37696
2.10017 1.37523
2.09887 1.37347
2.09761 1.3717
2.09637 1.3699
2.09517 1.36808
2.09399 1.36624
2.09285 1.36438
2.09175 1.3625
2.09067 1.3606
2.08963 1.35868
2.08862 1.35675
2.08765 1.3548
2.08671 1.35283
2.08581 1.35084
2.08494 1.34884
2.0841 1.34683
2.0833 1.3448
2.08254 1.34275
2.08181 1.3407
2.08112 1.33863
2.08046 1.33655
2.07984 1.33445
2.07926 1.33235
2.07871 1.33024
2.0782 1.32812
2.07773 1.32599
2.0773 1.32385
2.0769 1.32171
2.07654 1.31955
2.07622 1.3174
2.07593 1.31523
2.07568 1.31307
2.07548 1.31089
2.0753 1.30872
2.07517 1.30654
2.07508 1.30436
2.07502 1.30218
2.075 1.3
2.07502 1.29782
2.07508 1.29564
2.07517 1.29346
2.0753 1.29128
2.07548 1.28911
2.07568 1.28693
2.07593 1.28477
2.07622 1.2826
2.07654 1.28045
2.0769 1.27829
2.0773 1.27615
2.07773 1.27401
2.0782 1.27188
2.07871 1.26976
2.07926 1.26765
2.07984 1.26555
2.08046 1.26345
2.08112 1.26137
2.08181 1.2593
2.08254 1.25725
2.0833 1.2552
2.0841 1.25317
2.08494 1.25116
2.08581 1.24916
2.08671 1.24717
2.08765 1.2452
2.08862 1.24325
2.08963 1.24132
2.09067 1.2394
2.09175 1.2375
2.09285 1.23562
2.09399 1.23376
2.09517 1.23192
2.09637 1.2301
2.09761 1.2283
2.09887 1.22653
2.10017 1.22477
2.1015 1.22304
2.10286 1.22133
2.10424 1.21965
2.10566 1.21799
2.10711 1.21636
2.10858 1.21475
2.11008 1.21317
2.11161 1.21161
2.11317 1.21008
2.11475 1.20858
2.11636 1.20711
2.11799 1.20566
2.11965 1.20424
2.12133 1.20286
2.12304 1.2015
2.12477 1.20017
2.12653 1.19887
2.1283 1.19761
2.1301 1.19637
2.13192 1.19517
2.13376 1.19399
2.13562 1.19285
2.1375 1.19175
2.1394 1.19067
2.14132 1.18963
2.14325 1.18862
2.1452 1.18765
2.14717 1.18671
2.14916 1.18581
2.15116 1.18494
2.15317 1.1841
2.1552 1.1833
2.15725 1.18254
2.1593 1.18181
2.16137 1.18112
2.16345 1.18046
2.16555 1.17984
2.16765 1.17926
2.16976 1.17871
2.17188 1.1782
2.17401 1.17773
2.17615 1.1773
2.17829 1.1769
2.18045 1.17654
2.1826 1.17622
2.18477 1.17593
2.18693 1.17568
2.18911 1.17548
2.19128 1.1753
2.19346 1.17517
2.19564 1.17508
2.19782 1.17502
2.2 1.175
2.20218 1.17502
2.20436 1.17508
2.20654 1.17517
2.20872 1.1753
2.21089 1.17548
2.21307 1.17568
2.21523 1.17593
2.2174 1.17622
2.21955 1.17654
2.22171 1.1769
2.22385 1.1773
2.22599 1.17773
2.22812 1.1782
2.23024 1.17871
2.23235 1.17926
2.23445 1.17984
2.23655 1.18046
2.23863 1.18112
2.2407 1.18181
2.24275 1.18254
2.2448 1.1833
2.24683 1.1841
2.24884 1.18494
2.25084 1.18581
2.25283 1.18671
2.2548 1.18765
2.25675 1.18862
2.25868 1.18963
2.2606 1.19067
2.2625 1.19175
2.26438 1.19285
2.26624 1.19399
2.26808 1.19517
2.2699 1.19637
2.2717 1.19761
2.27347 1.19887
2.27523 1.20017
2.27696 1.2015
2.27867 1.20286
2.28035 1.20424
2.28201 1.20566
2.28364 1.20711
2.28525 1.20858
2.28683 1.21008
2.28839 1.21161
2.28992 1.21317
2.29142 1.21475
2.29289 1.21636
2.29434 1.21799
2.29576 1.21965
2.29714 1.22133
2.2985 1.22304
2.29983 1.22477
2.30113 1.22653
2.30239 1.2283
2.30363 1.2301
2.30483 1.23192
2.30601 1.23376
2.30715 1.23562
2.30825 1.2375
2.30933 1.2394
2.31037 1.24132
2.31138 1.24325
2.31235 1.2452
2.31329 1.24717
2.31419 1.24916
2.31506 1.25116
2.3159 1.25317
2.3167 1.2552
2.31746 1.25725
2.31819 1.2593
2.31888 1.26137
2.31954 1.26345
2.32016 1.26555
2.32074 1.26765
2.32129 1.26976
2.3218 1.27188
2.32227 1.27401
2.3227 1.27615
2.3231 1.27829
2.32346 1.28045
2.32378 1.2826
2.32407 1.28477
2.32432 1.28693
2.32452 1.28911
2.3247 1.29128
2.32483 1.29346
2.32492 1.29564
2.32498 1.29782
0 0
0.01 0
0.02 0
0.03 0
0.04 0
0.05 0
0.06 0
0.07 0
0.08 0
0.09 0
0.1 0
0.11 0
0.12 0
0.13 0
0.14 0
0.15 0
0.16 0
0.17 0
0.18 0
0.19 0
0.2 0
0.21 0
0.22 0
0.23 0
0.24 0
0.25 0
0.26 0
0.27 0
0.28 0
0.29 0
0.3 0
0.31 0
0.32 0
0.33 0
0.34 0
0.35 0
0.36 0
0.37 0
0.38 0
0.39 0
0.4 0
0.41 0
0.42 0
0.43 0
0.44 0
0.45 0
0.46 0
0.47 0
0.48 0
0.49 0
0.5 0
0.51 0
0.52 0
0.53 0
0.54 0
0.55 0
0.56 0
0.57 0
0.58 0
0.59 0
0.6 0
0.61 0
0.62 0
0.63 0
0.64 0
0.65 0
0.66 0
0.67 0
0.68 0
0.69 0
0.7 0
0.71 0
0.72 0
0.73 0
0.74 0
0.75 0
0.76 0
0.77 0
0.78 0
0.79 0
0.8 0
0.81 0
0.82 0
0.83 0
0.84 0
0.85 0
0.86 0
0.87 0
0.88 0
0.89 0
0.9 0
0.91 0
0.92 0
0.93 0
0.94 0
0.95 0
0.96 0
0.97 0
0.98 0
0.99 0
1 0
1.01 0
1.02 0
1.03 0
1.04 0
1.05 0
1.06 0
1.07 0
1.08 0
1.09 0
1.1 0
1.11 0
1.12 0
1.13 0
1.14 0
1.15 0
1.16 0
1.17 0
1.18 0
1.19 0
1.2 0
1.21 0
1.22 0
1.23 0
1.24 0
1.25 0
1.26 0
1.27 0
1.28 0
1.29 0
1.3 0
1.31 0
1.32 0
1.33 0
1.34 0
1.35 0
1.36 0
1.37 0
1.38 0
1.39 0
1.4 0
1.41 0
1.42 0
1.43 0
1.44 0
1.45 0
1.46 0
1.47 0
1.48 0
1.49 0
1.5 0
1.51 0
1.52 0
1.53 0
1.54 0
1.55 0
1.56 0
1.57 0
1.58 0
1.59 0
1.6 0
1.61 0
1.62 0
1.63 0
1.64 0
1.65 0
1.66 0
1.67 0
1.68 0
1.69 0
1.7 0
1.71 0
1.72 0
1.73 0
1.74 0
1.75 0
1.76 0
1.77 0
1.78 0
1.79 0
1.8 0
1.81 0
1.82 0
1.83 0
1.84 0
1.85 0
1.86 0
1.87 0
1.88 0
1.89 0
1.9 0
1.91 0
1.92 0
1.93 0
1.94 0
1.95 0
1.96 0
1.97 0
1.98 0
1.99 0
2 0
2.01 0
2.02 0
2.03 0
2.04 0
2.05 0
2.06 0
2.07 0
2.08 0
2.09 0
2.1 0
2.11 0
2.12 0
2.13 0
2.14 0
2.15 0
2.16 0
2.17 0
2.18 0
2.19 0
2.2 0
2.21 0
2.22 0
2.23 0
2.24 0
2.25 0
2.26 0
2.27 0
2.28 0
2.29 0
2.3 0
2.31 0
2.32 0
2.33 0
2.34 0
2.35 0
2.36 0
2.37 0
2.38 0
2.39 0
2.4 0
2.41 0
2.42 0
2.43 0
2.44 0
2.45 0
2.46 0
2.47 0
2.48 0
2.49 0
2.5 0
2.5 0
2.5 0.01
2.5 0.02
2.5 0.03
2.5 0.04
2.5 0.05
2.5 0.06
2.5 0.07
2.5 0.08
2.5 0.09
2.5 0.1
2.5 0.11
2.5 0.12
2.5 0.13
2.5 0.14
2.5 0.15
2.5 0.16
2.5 0.17
2.5 0.18
2.5 0.19
2.5 0.2
2.5 0.21
2.5 0.22
2.5 0.23
2.5 0.24
2.5 0.25
2.5 0.26
2.5 0.27
2.5 0.28
2.5 0.29
2.5 0.3
2.5 0.31
2.5 0.32
2.5 0.33
2.5 0.34
2.5 0.35
2.5 0.36
2.5 0.37
2.5 0.38
2.5 0.39
2.5 0.4
2.5 0.41
2.5 0.42
2.5 0.43
2.5 0.44
2.5 0.45
2.5 0.46
2.5 0.47
2.5 0.48
2.5 0.49
2.5 0.5
2.5 0.51
2.5 0.52
2.5 0.53
2.5 0.54
2.5 0.55
2.5 0.56
2.5 0.57
2.5 0.58
2.5 0.59
2.5 0.6
2.5 0.61
2.5 0.62
2.5 0.63
2.5 0.64
2.5 0.65
2.5 0.66
2.5 0.67
2.5 0.68
2.5 0.69
2.5 0.7
2.5 0.71
2.5 0.72
2.5 0.73
2.5 0.74
2.5 0.75
2.5 0.76
2.5 0.77
2.5 0.78
2.5 0.79
2.5 0.8
2.5 0.81
2.5 0.82
2.5 0.83
2.5 0.84
2.5 0.85
2.5 0.86
2.5 0.87
2.5 0.88
2.5 0.89
2.5 0.9
2.5 0.91
2.5 0.92
2.5 0.93
2.5 0.94
2.5 0.95
2.5 0.96
2.5 0.97
2.5 0.98
2.5 0.99
2.5 1
2.5 1.01
2.5 1.02
2.5 1.03
2.5 1.04
2.5 1.05
2.5 1.06
2.5 1.07
2.5 1.08
2.5 1.09
2.5 1.1
2.5 1.11
2.5 1.12
2.5 1.13
2.5 1.14
2.5 1.15
2.5 1.16
2.5 1.17
2.5 1.18
2.5 1.19
2.5 1.2
2.5 1.21
2.5 1.22
2.5 1.23
2.5 1.24
2.5 1.25
2.5 1.26
2.5 1.27
2.5 1.28
2.5 1.29
2.5 1.3
2.5 1.31
2.5 1.32
2.5 1.33
2.5 1.34
2.5 1.35
2.5 1.36
2.5 1.37
2.5 1.38
2.5 1.39
2.5 1.4
2.5 1.41
2.5 1.42
2.5 1.43
2.5 1.44
2.5 1.45
2.5 1.46
2.5 1.47
2.5 1.48
2.5 1.49
2.5 1.5
2.5 1.51
2.5 1.52
2.5 1.53
2.5 1.54
2.5 1.55
2.5 1.56
2.5 1.57
2.5 1.58
2.5 1.59
2.5 1.6
2.5 1.61
2.5 1.62
2.5 1.63
2.5 1.64
2.5 1.65
2.5 1.66
2.5 1.67
2.5 1.68
2.5 1.69
2.5 1.7
2.5 1.71
2.5 1.72
2.5 1.73
2.5 1.74
2.5 1.75
2.5 1.76
2.5 1.77
2.5 1.78
2.5 1.79
2.5 1.8
2.5 1.81
2.5 1.82
2.5 1.83
2.5 1.84
2.5 1.85
2.5 1.86
2.5 1.87
2.5 1.88
2.5 1.89
2.5 1.9
2.5 1.91
2.5 1.92
2.5 1.93
2.5 1.94
2.5 1.95
2.5 1.96
2.5 1.97
2.5 1.98
2.5 1.99
2.5 2
2.5 2.01
2.5 2.02
2.5 2.03
2.5 2.04
2.5 2.05
2.5 2.06
2.5 2.07
2.5 2.08
2.5 2.09
2.5 2.1
2.5 2.11
2.5 2.12
2.5 2.13
2.5 2.14
2.5 2.15
2.5 2.16
2.5 2.17
2.5 2.18
2.5 2.19
2.5 2.2
2.5 2.21
2.5 2.22
2.5 2.23
2.5 2.24
2.5 2.25
2.5 2.26
2.5 2.27
2.5 2.28
2.5 2.29
2.5 2.3
2.5 2.31
2.5 2.32
2.5 2.33
2.5 2.34
2.5 2.35
2.5 2.36
2.5 2.37
2.5 2.38
2.5 2.39
2.5 2.4
2.5 2.41
2.5 2.42
2.5 2.43
2.5 2.44
2.5 2.45
2.5 2.46
2.5 2.47
2.5 2.48
2.5 2.49
2.5 2.5
0 2.5
0.01 2.5
0.02 2.5
0.03 2.5
0.04 2.5
0.05 2.5
0.06 2.5
0.07 2.5
0.08 2.5
0.09 2.5
0.1 2.5
0.11 2.5
0.12 2.5
0.13 2.5
0.14 2.5
0.15 2.5
0.16 2.5
0.17 2.5
0.18 2.5
0.19 2.5
0.2 2.5
0.21 2.5
0.22 2.5
0.23 2.5
0.24 2.5
0.25 2.5
0.26 2.5
0.27 2.5
0.28 2.5
0.29 2.5
0.3 2.5
0.31 2.5
0.32 2.5
0.33 2.5
0.34 2.5
0.35 2.5
0.36 2.5
0.37 2.5
0.38 2.5
0.39 2.5
0.4 2.5
0.41 2.5
0.42 2.5
0.43 2.5
0.44 2.5
0.45 2.5
0.46 2.5
0.47 2.5
0.48 2.5
0.49 2.5
0.5 2.5
0.51 2.5
0.52 2.5
0.53 2.5
0.54 2.5
0.55 2.5
0.56 2.5
0.57 2.5
0.58 2.5
0.59 2.5
0.6 2.5
0.61 2.5
0.62 2.5
0.63 2.5
0.64 2.5
0.65 2.5
0.66 2.5
0.67 2.5
0.68 2.5
0.69 2.5
0.7 2.5
0.71 2.5
0.72 2.5
0.73 2.5
0.74 2.5
0.75 2.5
0.76 2.5
0.77 2.5
0.78 2.5
0.79 2.5
0.8 2.5
0.81 2.5
0.82 2.5
0.83 2.5
0.84 2.5
0.85 2.5
0.86 2.5
0.87 2.5
0.88 2.5
0.89 2.5
0.9 2.5
0.91 2.5
0.92 2.5
0.93 2.5
0.94 2.5
0.95 2.5
0.96 2.5
0.97 2.5
0.98 2.5
0.99 2.5
1 2.5
1.01 2.5
1.02 2.5
1.03 2.5
1.04 2.5
1.05 2.5
1.06 2.5
1.07 2.5
1.08 2.5
1.09 2.5
1.1 2.5
1.11 2.5
1.12 2.5
1.13 2.5
1.14 2.5
1.15 2.5
1.16 2.5
1.17 2.5
1.18 2.5
1.19 2.5
1.2 2.5
1.21 2.5
1.22 2.5
1.23 2.5
1.24 2.5
1.25 2.5
1.26 2.5
1.27 2.5
1.28 2.5
1.29 2.5
1.3 2.5
1.31 2.5
1.32 2.5
1.33 2.5
1.34 2.5
1.35 2.5
1.36 2.5
1.37 2.5
1.38 2.5
1.39 2.5
1.4 2.5
1.41 2.5
1.42 2.5
1.43 2.5
1.44 2.5
1.45 2.5
1.46 2.5
1.47 2.5
1.48 2.5
1.49 2.5
1.5 2.5
1.51 2.5
1.52 2.5
1.53 2.5
1.54 2.5
1.55 2.5
1.56 2.5
1.57 2.5
1.58 2.5
1.59 2.5
1.6 2.5
1.61 2.5
1.62 2.5
1.63 2.5
1.64 2.5
1.65 2.5
1.66 2.5
1.67 2.5
1.68 2.5
1.69 2.5
1.7 2.5
1.71 2.5
1.72 2.5
1.73 2.5
1.74 2.5
1.75 2.5
1.76 2.5
1.77 2.5
1.78 2.5
1.79 2.5
1.8 2.5
1.81 2.5
1.82 2.5
1.83 2.5
1.84 2.5
1.85 2.5
1.86 2.5
1.87 2.5
1.88 2.5
1.89 2.5
1.9 2.5
1.91 2.5
1.92 2.5
1.93 2.5
1.94 2.5
1.95 2.5
1.96 2.5
1.97 2.5
1.98 2.5
1.99 2.5
2 2.5
2.01 2.5
2.02 2.5
2.03 2.5
2.04 2.5
2.05 2.5
2.06 2.5
2.07 2.5
2.08 2.5
2.09 2.5
2.1 2.5
2.11 2.5
2.12 2.5
2.13 2.5
2.14 2.5
2.15 2.5
2.16 2.5
2.17 2.5
2.18 2.5
2.19 2.5
2.2 2.5
2.21 2.5
2.22 2.5
2.23 2.5
2.24 2.5
2.25 2.5
2.26 2.5
2.27 2.5
2.28 2.5
2.29 2.5
2.3 2.5
2.31 2.5
2.32 2.5
2.33 2.5
2.34 2.5
2.35 2.5
2.36 2.5
2.37 2.5
2.38 2.5
2.39 2.5
2.4 2.5
2.41 2.5
2.42 2.5
2.43 2.5
2.44 2.5
2.45 2.5
2.46 2.5
2.47 2.5
2.48 2.5
2.49 2.5
2.5 2.5
0 0
0 0.01
0 0.02
0 0.03
0 0.04
0 0.05
0 0.06
0 0.07
0 0.08
0 0.09
0 0.1
0 0.11
0 0.12
0 0.13
0 0.14
0 0.15
0 0.16
0 0.17
0 0.18
0 0.19
0 0.2
0 0.21
0 0.22
0 0.23
0 0.24
0 0.25
0 0.26
0 0.27
0 0.28
0 0.29
0 0.3
0 0.31
0 0.32
0 0.33
0 0.34
0 0.35
0 0.36
0 0.37
0 0.38
0 0.39
0 0.4
0 0.41
0 0.42
0 0.43
0 0.44
0 0.45
0 0.46
0 0.47
0 0.48
0 0.49
0 0.5
0 0.51
0 0.52
0 0.53
0 0.54
0 0.55
0 0.56
0 0.57
0 0.58
0 0.59
0 0.6
0 0.61
0 0.62
0 0.63
0 0.64
0 0.65
0 0.66
0 0.67
0 0.68
0 0.69
0 0.7
0 0.71
0 0.72
0 0.73
0 0.74
0 0.75
0 0.76
0 0.77
0 0.78
0 0.79
0 0.8
0 0.81
0 0.82
0 0.83
0 0.84
0 0.85
0 0.86
0 0.87
0 0.88
0 0.89
0 0.9
0 0.91
0 0.92
0 0.93
0 0.94
0 0.95
0 0.96
0 0.97
0 0.98
0 0.99
0 1
0 1.01
0 1.02
0 1.03
0 1.04
0 1.05
0 1.06
0 1.07
0 1.08
0 1.09
0 1.1
0 1.11
0 1.12
0 1.13
0 1.14
0 1.15
0 1.16
0 1.17
0 1.18
0 1.19
0 1.2
0 1.21
0 1.22
0 1.23
0 1.24
0 1.25
0 1.26
0 1.27
0 1.28
0 1.29
0 1.3
0 1.31
0 1.32
0 1.33
0 1.34
0 1.35
0 1.36
0 1.37
0 1.38
0 1.39
0 1.4
0 1.41
0 1.42
0 1.43
0 1.44
0 1.45
0 1.46
0 1.47
0 1.48
0 1.49
0 1.5
0 1.51
0 1.52
0 1.53
0 1.54
0 1.55
0 1.56
0 1.57
0 1.58
0 1.59
0 1.6
0 1.61
0 1.62
0 1.63
0 1.64
0 1.65
0 1.66
0 1.67
0 1.68
0 1.69
0 1.7
0 1.71
0 1.72
0 1.73
0 1.74
0 1.75
0 1.76
0 1.77
0 1.78
0 1.79
0 1.8
0 1.81
0 1.82
0 1.83
0 1.84
0 1.85
0 1.86
0 1.87
0 1.88
0 1.89
0 1.9
0 1.91
0 1.92
0 1.93
0 1.94
0 1.95
0 1.96
0 1.97
0 1.98
0 1.99
0 2
0 2.01
0 2.02
0 2.03
0 2.04
0 2.05
0 2.06
0 2.07
0 2.08
0 2.09
0 2.1
0 2.11
0 2.12
0 2.13
0 2.14
0 2.15
0 2.16
0 2.17
0 2.18
0 2.19
0 2.2
0 2.21
0 2.22
0 2.23
0 2.24
0 2.25
0 2.26
0 2.27
0 2.28
0 2.29
0 2.3
0 2.31
0 2.32
0 2.33
0 2.34
0 2.35
0 2.36
0 2.37
0 2.38
0 2.39
0 2.4
0 2.41
0 2.42
0 2.43
0 2.44
0 2.45
0 2.46
0 2.47
0 2.48
0 2.49
0 2.5
